   6.6919586e+01
   1.3011100e+01
   1.5000000e+01
   2.9572000e+00
   3.1209000e+00
   3.2249000e+00
   3.3642000e+00
   3.5000000e+00
   3.5670000e+00
   3.6120000e+00
   3.6510000e+00
   3.7230000e+00
   3.8360000e+00
   3.9860000e+00
   4.1280000e+00
   4.2200000e+00
   4.2930000e+00
   4.3460000e+00
   0.0000000e+00
   2.0000000e+00
   4.0000000e+00
   6.0000000e+00
   8.0000000e+00
   1.0000000e+01
   1.2000000e+01
   1.4000000e+01
   1.6000000e+01
   1.8000000e+01
   2.0000000e+01
   2.2000000e+01
   2.4000000e+01
   2.6000000e+01
   2.8000000e+01
